Overall Acc 0.9748015823165872
Mean Acc 0.9263154747242145
FreqW Acc 0.9517286582654949
Mean IoU 0.8850971611575873
Class IoU
0.9694581162532477
0.9335285615264337
0.6704093487489619
0.9674666749347229
0.9040933745350486
0.8648165290566583
0.972565640481686
0.9470394540940846
0.9590254139008847
0.8248194153122156
0.9718481189054239
0.5342737228015598
0.9731198104017769
0.9675258001990675
0.8958248937328301
0.9379465603074977
0.7525724973961774
0.9604256694583888
0.8638805680734692
0.9672926938972953
0.7491075202919041
