Overall Acc 0.9668588646909113
Mean Acc 0.9116475857721098
FreqW Acc 0.9388345668102033
Mean IoU 0.846038831173544
Class IoU
0.9635110583052916
0.8338028727686799
0.658151857563774
0.9246171563258809
0.8607689759175967
0.7602466182117816
0.9645475904567419
0.897634324297281
0.9538350492255488
0.7934164840659645
0.9642002597160783
0.5058343667058572
0.9599881917222621
0.9581179813783707
0.8881444748413826
0.9233795878477139
0.690544834753867
0.9525949014453278
0.8061323192549326
0.9255348097161133
0.581811740123979
