Overall Acc 0.958782452046797
Mean Acc 0.9007371206068044
FreqW Acc 0.9266538891928275
Mean IoU 0.8154094866037107
Class IoU
0.95620925554632
0.7410067483284135
0.648309446649221
0.9179161247895669
0.7854017773246857
0.739904266806883
0.9548543564306549
0.8891939773090601
0.9508712989552206
0.7047193720970201
0.963273335300482
0.4727449602679419
0.9435155472945193
0.9418119714976525
0.8709249626745533
0.9111094341736976
0.6333297875426703
0.9409521550645004
0.7844907197151472
0.8799447846641019
0.4931149362456116
