Overall Acc 0.9100334004326315
Mean Acc 0.8361705274586035
FreqW Acc 0.8629074900231364
Mean IoU 0.6851362471038313
Class IoU
0.9125175334585265
0.3939126751654182
0.6201643804755459
0.7944668100286724
0.6681504545654824
0.6567068650011985
0.9122789745376925
0.7996537033130701
0.8531672577651445
0.44283334931491
0.8412354688542432
0.3379702480979544
0.8307098449219579
0.829594258119041
0.8369060335393226
0.8721151537616627
0.4262869382814629
0.8855382270563094
0.4578052354663678
0.7575512389995368
0.25829653845693773
