Overall Acc 0.9393346021575746
Mean Acc 0.8726090433408625
FreqW Acc 0.8993462145559811
Mean IoU 0.7539477283856169
Class IoU
0.9397602481180187
0.5311082252383977
0.6391340689844777
0.8492514166670188
0.7416923606097134
0.6702615557209527
0.9242649393731059
0.8637848444006033
0.8830778144029023
0.5819068986305234
0.889479869240015
0.3970962348428896
0.9005401379506021
0.9236151275021595
0.8651308031839006
0.8935039046490815
0.5926759128100172
0.910169665360989
0.6276381075800651
0.8299207395220518
0.3788894213104689
