Overall Acc 0.9553803249757653
Mean Acc 0.8909698026319399
FreqW Acc 0.9215190616185097
Mean IoU 0.799457191141925
Class IoU
0.9558008574655255
0.6784406394116668
0.6503903105190026
0.8833100746186524
0.8345191945136484
0.7520141263616739
0.9393038322286388
0.6714415530178306
0.9317404124808841
0.6842300962557403
0.9248058120852787
0.4965785995925446
0.9467522703356593
0.9458226034069204
0.8833601971933106
0.9053005817452454
0.6512160706274206
0.943129440592271
0.7693790086049196
0.8879370014606974
0.4531283314628934
