Overall Acc 0.9010753971107974
Mean Acc 0.7975390904262476
FreqW Acc 0.8525007602431992
Mean IoU 0.6515053749869772
Class IoU
0.9098873001869667
0.3401916656371982
0.6250515776443543
0.7342726723186641
0.6562540822892293
0.6461447073815895
0.906278470119139
0.2983683050791952
0.8634527517162004
0.43960433763588036
0.8377068802085296
0.2848004722482758
0.86364620269924
0.8650647618598686
0.8578809020799596
0.8717614208819713
0.4336008442760385
0.8821551983492286
0.49888099410284337
0.7347531402088262
0.1318561878033237
