Overall Acc 0.8371771932364571
Mean Acc 0.7716370228125862
FreqW Acc 0.7838513961022449
Mean IoU 0.5862916505392275
Class IoU
0.8369902041810113
0.14511533105328592
0.5537978040630138
0.7297222791628084
0.4688892585278902
0.5983650494522689
0.832808759022413
0.5446838782580345
0.823139721364471
0.2928943460261199
0.7232800979944436
0.23526307877650995
0.776657958309194
0.765765996816752
0.8021208787520084
0.823551640889567
0.36382572004928965
0.8642883375886131
0.2864674492508384
0.6733345432915291
0.17116232849371235
