Overall Acc 0.9331229005410338
Mean Acc 0.8492103142300867
FreqW Acc 0.8915246199032867
Mean IoU 0.7324092671674886
Class IoU
0.9368463767479001
0.5424910685464069
0.6346645447198032
0.8501793238442457
0.7608910104412365
0.6628345915389947
0.928726772420331
0.37931438495813596
0.9131978899181034
0.5777573581946333
0.8776033102426503
0.3980398037455192
0.9211945388663637
0.9230835365863838
0.872439989697831
0.8887291613457683
0.5542248652284809
0.9292616271301226
0.6456033535789406
0.8388887298232034
0.34462237294220716
