Overall Acc 0.9731050156076616
Mean Acc 0.9210373023668543
FreqW Acc 0.9484376725471013
Mean IoU 0.8762864870507338
Class IoU
0.9689430785682291
0.9308589430752137
0.6686408672965869
0.9438195782872595
0.9228209124178142
0.8240746083174293
0.962405987985711
0.8069964894204944
0.9568316681350073
0.8262484818175323
0.9670807996640035
0.5174433408226632
0.9707818116328023
0.9626121689243471
0.9019560616803511
0.9274770133728903
0.7149410716581048
0.9574474288743594
0.8449096538029824
0.9606953466798664
0.8650309156317629
