Overall Acc 0.9662052344435281
Mean Acc 0.909579526205919
FreqW Acc 0.9369362975091985
Mean IoU 0.8446113111904668
Class IoU
0.963144243098656
0.8435396016801485
0.6575323956168045
0.939811741363676
0.8823212111657908
0.7805606008013196
0.9566163639425678
0.7035938602974144
0.9542920822719324
0.7503259847949607
0.9579803160707332
0.5082589676598935
0.9614117716187982
0.9567793877500806
0.8916226775021473
0.9179232414776183
0.6732115632573006
0.9498233982586778
0.8027518998798433
0.9241104701085241
0.7612257563829179
