Overall Acc 0.9804158703968229
Mean Acc 0.9335434177748657
FreqW Acc 0.9617020342249645
Mean IoU 0.913806777726052
Class IoU
0.9745759040027444
0.9753050851519003
0.6798506308140696
0.9778640013511364
0.9529673117149672
0.9442948670245076
0.9785225203574528
0.9670834923010564
0.964558218212907
0.9076082808955245
0.9757899082001191
0.5532717993816428
0.9787142647027154
0.9714282959107011
0.9164161347833899
0.9520144821773536
0.7823481553428678
0.9748387844288445
0.8800494559787352
0.9725661339198143
0.9098746055946451
