Overall Acc 0.9119801436997024
Mean Acc 0.8384899827630812
FreqW Acc 0.8655210178194124
Mean IoU 0.6881349541696439
Class IoU
0.9150998400957956
0.44834781735333606
0.6225556791373054
0.7558505564321606
0.6896417420357301
0.6284060501320247
0.9080804447632806
0.7337948610601501
0.9022318141749821
0.4319464158415483
0.8260184532442829
0.32717207679973753
0.8480662351575586
0.8482352788192009
0.8396193287644399
0.8677128235786359
0.48966349435708795
0.8973870906701391
0.46383464034198557
0.7476176260054483
0.2595517687976879
