Overall Acc 0.956245306865198
Mean Acc 0.902400326675124
FreqW Acc 0.9225464823629507
Mean IoU 0.8114059995422219
Class IoU
0.9528603335929373
0.7001611995094599
0.63910468270609
0.9136774810032591
0.8506548228988158
0.7393993237198124
0.9545449543884359
0.8683566819922917
0.9410860559683127
0.6845179438628516
0.9628569318605773
0.45626644209890455
0.9417307065209549
0.941472821728105
0.875993877497057
0.9034299265317423
0.6357722744774422
0.9488051895134875
0.7475465010794926
0.8859238288717817
0.4953640105648503
