Overall Acc 0.9815886168028344
Mean Acc 0.9347741456800072
FreqW Acc 0.9638982537212297
Mean IoU 0.9202100805576932
Class IoU
0.9758026375478457
0.9795272581610232
0.6818902933752721
0.9809067263893784
0.9618796624041798
0.9666150496102078
0.9789887869920091
0.9733536073706107
0.9645832155283742
0.9177698203543218
0.9785819296581304
0.5549686778980337
0.9795221623936307
0.9716462187504659
0.9209164966757264
0.9558045443505883
0.8065791669955789
0.9780850047459225
0.8801957361719258
0.9740759693249478
0.9427187270133847
