Overall Acc 0.9782101113379592
Mean Acc 0.9305621083382845
FreqW Acc 0.957681207491881
Mean IoU 0.9015672391677573
Class IoU
0.9727615278166586
0.9680517512482033
0.6766593564534314
0.9699252256916945
0.9461911842589019
0.9046229805249995
0.9782484013905917
0.9533419535985512
0.9622538580042358
0.8970580070259618
0.972659270769342
0.5379575755604568
0.9770361628747336
0.9703057078274285
0.9142988200513191
0.946309363276705
0.7557032947618474
0.9643365950296543
0.8584221520298118
0.9713877562930252
0.8353810780353517
