Overall Acc 0.9738395689917114
Mean Acc 0.9257797016681327
FreqW Acc 0.950148580689229
Mean IoU 0.8808795143036952
Class IoU
0.9684809791633919
0.956462308993728
0.669352693973045
0.9437053373177002
0.9335609475895585
0.8364308142266306
0.9729346323779313
0.9370348674957794
0.9619358018700703
0.8430082786560394
0.9659454350920397
0.5254495240642617
0.9748459250147485
0.9670558773519359
0.9035713091580507
0.9353135209661189
0.7083129036587341
0.9577900470452856
0.8476544892687493
0.9697371749263908
0.7198869321674092
