Overall Acc 0.9392374278430319
Mean Acc 0.8784288927511532
FreqW Acc 0.8998242664579931
Mean IoU 0.7600577848668328
Class IoU
0.9379879876179767
0.5829565988341842
0.6249435317187216
0.8113887972005305
0.7687023889046584
0.6994786258143103
0.9361293890285407
0.8396447993591725
0.9348492473138699
0.5519714014589022
0.9601741990084454
0.3857320244345775
0.9109560334081818
0.9186124612977328
0.8614830612752542
0.8869107535523624
0.5687544357274785
0.9380232770488579
0.638030143685295
0.844477519212989
0.3600068063014463
