Overall Acc 0.9670258129122958
Mean Acc 0.9176363639115911
FreqW Acc 0.9390952287103242
Mean IoU 0.8535976569728072
Class IoU
0.9621904905027002
0.905944430133469
0.6599411652613024
0.9297547001301477
0.9106225888071336
0.7868611554870855
0.961011587829393
0.9102196296377175
0.9534874053330626
0.7893117782769624
0.9641602960220597
0.49853573521595135
0.963252464135315
0.9581677466098402
0.8905924727232614
0.920825187335716
0.6587384475727942
0.9545546428262478
0.8170571598868723
0.9403070452883152
0.5900146674136035
