Overall Acc 0.9812890334109532
Mean Acc 0.9345772138203932
FreqW Acc 0.9633388839289982
Mean IoU 0.9186650956224695
Class IoU
0.9754590723683383
0.9776492495266657
0.6814268557710452
0.9808154675293045
0.9580005104161734
0.9624602833417911
0.9788678719533184
0.9725311023249213
0.9645651063427713
0.9171399074348773
0.9782265448768711
0.5548190461393872
0.9792388677329562
0.9715916612530915
0.9203482262454292
0.9542303444102549
0.7935405815502913
0.9772341146983805
0.8800716188955325
0.9737117699779874
0.9400388052824712
