Overall Acc 0.9815427152887946
Mean Acc 0.9347426942358465
FreqW Acc 0.9638109123238764
Mean IoU 0.920020545842867
Class IoU
0.9757518107769396
0.9793974200684927
0.6817334605081073
0.9809002729424697
0.9609636674598845
0.9663761721764481
0.9789820905846077
0.973294968615213
0.9645828562705137
0.9176158891136021
0.9785229588418786
0.5549613909043668
0.9795064962572994
0.9716092477095111
0.9207383912041667
0.9553332735742511
0.8056159484607983
0.9778172303497178
0.8801131425205859
0.9739601215832834
0.942654652778071
